distance: 3.1239402223636477
eps: 0.9681569523918626
min_samples: 1
