distance: 1.4574091215431453
eps: 0.479941374577942
min_samples: 3
